===== RESULTADO GA L(2,1) =====
Arquivo: data/NR_DIMACS/johnson8-4-4.mtx (undirected)
Crossover: ox | Mutação: dm | pop=50 | gens=300 | mut=0.15 | cr=1 | runs=2

----- Execução #1 -----
Span (lambda): 72
best_order = [69, 47, 48, 49, 28, 61, 23, 12, 30, 3, 6, 66, 15, 17, 9, 45, 32, 0, 2, 52, 4, 16, 8, 7, 27, 53, 54, 55, 57, 58, 59, 60, 62, 63, 64, 29, 25, 22, 51, 65, 18, 68, 13, 21, 14, 5, 19, 31, 35, 36, 37, 39, 41, 42, 43, 44, 46, 11, 10, 20, 24, 26, 67, 40, 50, 33, 34, 38, 1, 56]
labeling = [16, 53, 10, 15, 26, 52, 17, 12, 27, 21, 51, 29, 11, 25, 50, 19, 18, 14, 47, 54, 66, 48, 42, 9, 49, 20, 65, 28, 5, 40, 13, 43, 24, 67, 41, 56, 57, 58, 70, 55, 63, 60, 62, 61, 59, 22, 64, 2, 4, 3, 69, 44, 23, 30, 31, 33, 72, 34, 6, 35, 36, 7, 8, 37, 38, 45, 1, 68, 39, 0]
================================

----- Execução #2 -----
Span (lambda): 71
best_order = [0, 1, 25, 26, 27, 29, 30, 3, 6, 7, 8, 10, 11, 12, 13, 14, 16, 17, 19, 22, 32, 33, 35, 36, 18, 21, 31, 5, 9, 20, 4, 2, 37, 38, 39, 40, 41, 42, 43, 44, 45, 46, 47, 48, 49, 50, 51, 52, 53, 54, 28, 15, 55, 56, 57, 58, 59, 60, 61, 62, 63, 23, 24, 34, 64, 65, 66, 68, 69, 67]
labeling = [0, 1, 17, 9, 36, 31, 11, 8, 12, 32, 14, 13, 10, 16, 15, 30, 18, 19, 28, 2, 34, 29, 20, 65, 35, 3, 4, 5, 55, 6, 7, 21, 22, 23, 54, 25, 26, 38, 27, 40, 39, 41, 43, 42, 37, 45, 46, 47, 44, 48, 49, 51, 52, 50, 53, 57, 58, 59, 56, 60, 61, 63, 64, 62, 66, 68, 69, 71, 67, 70]
================================

----- Melhor execução -----
Span (lambda): 71
best_order = [0, 1, 25, 26, 27, 29, 30, 3, 6, 7, 8, 10, 11, 12, 13, 14, 16, 17, 19, 22, 32, 33, 35, 36, 18, 21, 31, 5, 9, 20, 4, 2, 37, 38, 39, 40, 41, 42, 43, 44, 45, 46, 47, 48, 49, 50, 51, 52, 53, 54, 28, 15, 55, 56, 57, 58, 59, 60, 61, 62, 63, 23, 24, 34, 64, 65, 66, 68, 69, 67]
labeling = [0, 1, 17, 9, 36, 31, 11, 8, 12, 32, 14, 13, 10, 16, 15, 30, 18, 19, 28, 2, 34, 29, 20, 65, 35, 3, 4, 5, 55, 6, 7, 21, 22, 23, 54, 25, 26, 38, 27, 40, 39, 41, 43, 42, 37, 45, 46, 47, 44, 48, 49, 51, 52, 50, 53, 57, 58, 59, 56, 60, 61, 63, 64, 62, 66, 68, 69, 71, 67, 70]
