===== RESULTADO GA L(2,1) =====
Arquivo: /Users/mateuspedrosa/Documents/l21-agbo/data/teste/johnson8-2-4.mtx (undirected)
Crossover: ox | Mutação: sim | pop=68 | gens=236 | mut=0.7044 | cr=0.5118 | runs=1

----- Execução #1 -----
Span (lambda): 27
best_order = [16, 17, 10, 8, 18, 4, 21, 6, 20, 2, 19, 0, 11, 27, 3, 1, 9, 22, 15, 12, 7, 26, 13, 14, 5, 25, 23, 24]
labeling = [9, 11, 12, 17, 8, 26, 4, 22, 5, 18, 3, 13, 20, 19, 21, 16, 0, 1, 7, 6, 2, 10, 14, 25, 27, 23, 24, 15]
convergência = [27, 27, 27, 27, 27, 27, 27, 27, 27, 27, 27, 27, 27, 27, 27, 27, 27, 27, 27, 27, 27, 27, 27, 27, 27, 27, 27, 27, 27, 27, 27, 27, 27, 27, 27, 27, 27, 27, 27, 27, 27, 27, 27, 27, 27, 27, 27, 27, 27, 27, 27, 27, 27, 27, 27, 27, 27, 27, 27, 27, 27, 27, 27, 27, 27, 27, 27, 27, 27, 27, 27, 27, 27, 27, 27, 27, 27, 27, 27, 27, 27, 27, 27, 27, 27, 27, 27, 27, 27, 27, 27, 27, 27, 27, 27, 27, 27, 27, 27, 27, 27, 27, 27, 27, 27, 27, 27, 27, 27, 27, 27, 27, 27, 27, 27, 27, 27, 27, 27, 27, 27, 27, 27, 27, 27, 27, 27, 27, 27, 27, 27, 27, 27, 27, 27, 27, 27, 27, 27, 27, 27, 27, 27, 27, 27, 27, 27, 27, 27, 27, 27, 27, 27, 27, 27, 27, 27, 27, 27, 27, 27, 27, 27, 27, 27, 27, 27, 27, 27, 27, 27, 27, 27, 27, 27, 27, 27, 27, 27, 27, 27, 27, 27, 27, 27, 27, 27, 27, 27, 27, 27, 27, 27, 27, 27, 27, 27, 27, 27, 27, 27, 27, 27, 27, 27, 27, 27, 27, 27, 27, 27, 27, 27, 27, 27, 27, 27, 27, 27, 27, 27, 27, 27, 27, 27, 27, 27, 27, 27, 27, 27, 27, 27, 27, 27, 27]
================================

----- Melhor execução -----
Span (lambda): 27
best_order = [16, 17, 10, 8, 18, 4, 21, 6, 20, 2, 19, 0, 11, 27, 3, 1, 9, 22, 15, 12, 7, 26, 13, 14, 5, 25, 23, 24]
labeling = [9, 11, 12, 17, 8, 26, 4, 22, 5, 18, 3, 13, 20, 19, 21, 16, 0, 1, 7, 6, 2, 10, 14, 25, 27, 23, 24, 15]
27, 27, 27, 27, 27, 27, 27, 27, 27, 27, 27, 27, 27, 27, 27, 27, 27, 27, 27, 27, 27, 27, 27, 27, 27, 27, 27, 27, 27, 27, 27, 27, 27, 27, 27, 27, 27, 27, 27, 27, 27]
================================

----- Melhor execução -----
Span (lambda): 27
best_order = [25, 20, 22, 8, 27, 16, 14, 7, 11, 9, 5, 15, 23, 24, 1, 13, 10, 26, 21, 4, 2, 6, 18, 3, 12, 17, 19, 0]
labeling = [22, 12, 21, 19, 20, 11, 23, 5, 6, 10, 18, 8, 27, 9, 7, 13, 3, 26, 25, 24, 2, 14, 4, 15, 16, 0, 17, 1]
